[
    {
        "exam_id": 1,
        "name": "Examen 1",
        "questions": [
            14,
            178,
            32,
            218,
            189,
            104,
            110,
            116,
            221,
            69,
            12,
            43,
            39,
            276,
            244,
            103,
            51,
            162,
            22,
            153,
            405,
            414,
            406,
            304,
            324,
            320,
            314,
            316,
            384,
            267,
            424,
            403,
            376,
            416,
            70,
            345,
            380,
            315,
            206,
            117
        ]
    },
    {
        "exam_id": 2,
        "name": "Examen 2",
        "questions": [
            56,
            388,
            357,
            8,
            149,
            134,
            36,
            65,
            225,
            341,
            38,
            137,
            203,
            29,
            230,
            171,
            400,
            125,
            111,
            128,
            438,
            411,
            328,
            426,
            372,
            114,
            300,
            253,
            307,
            385,
            369,
            241,
            391,
            269,
            412,
            301,
            87,
            344,
            52,
            130
        ]
    },
    {
        "exam_id": 3,
        "name": "Examen 3",
        "questions": [
            109,
            155,
            168,
            397,
            441,
            4,
            10,
            197,
            33,
            135,
            375,
            100,
            195,
            174,
            217,
            96,
            54,
            193,
            321,
            45,
            105,
            188,
            79,
            263,
            302,
            297,
            393,
            285,
            102,
            170,
            239,
            429,
            427,
            339,
            259,
            123,
            408,
            257,
            346,
            165
        ]
    },
    {
        "exam_id": 4,
        "name": "Examen 4",
        "questions": [
            211,
            172,
            78,
            115,
            187,
            15,
            35,
            214,
            28,
            113,
            169,
            119,
            75,
            77,
            112,
            419,
            167,
            126,
            159,
            209,
            23,
            85,
            287,
            194,
            299,
            277,
            430,
            233,
            296,
            93,
            387,
            235,
            396,
            67,
            361,
            373,
            370,
            97,
            266,
            106
        ]
    },
    {
        "exam_id": 5,
        "name": "Examen 5",
        "questions": [
            7,
            160,
            20,
            224,
            90,
            84,
            5,
            98,
            351,
            425,
            192,
            80,
            66,
            163,
            445,
            402,
            440,
            92,
            50,
            231,
            11,
            374,
            337,
            322,
            289,
            359,
            240,
            364,
            303,
            418,
            382,
            420,
            252,
            272,
            265,
            238,
            278,
            366,
            371,
            274
        ]
    },
    {
        "exam_id": 6,
        "name": "Examen 6",
        "questions": [
            72,
            13,
            198,
            27,
            133,
            378,
            353,
            21,
            226,
            204,
            63,
            262,
            94,
            381,
            447,
            31,
            17,
            95,
            118,
            439,
            136,
            273,
            283,
            290,
            348,
            325,
            311,
            64,
            243,
            141,
            392,
            410,
            249,
            394,
            176,
            199,
            335,
            319,
            395,
            333
        ]
    },
    {
        "exam_id": 7,
        "name": "Examen 7",
        "questions": [
            55,
            143,
            140,
            158,
            99,
            42,
            338,
            44,
            41,
            101,
            331,
            208,
            3,
            34,
            210,
            215,
            146,
            185,
            175,
            216,
            228,
            431,
            347,
            292,
            18,
            436,
            330,
            444,
            309,
            399,
            255,
            390,
            260,
            245,
            409,
            417,
            363,
            37,
            401,
            355
        ]
    },
    {
        "exam_id": 8,
        "name": "Examen 8",
        "questions": [
            132,
            144,
            222,
            60,
            207,
            180,
            49,
            81,
            367,
            120,
            227,
            157,
            181,
            279,
            88,
            107,
            202,
            449,
            46,
            182,
            179,
            326,
            48,
            310,
            288,
            332,
            213,
            360,
            327,
            389,
            242,
            386,
            261,
            383,
            349,
            248,
            379,
            350,
            275,
            318
        ]
    },
    {
        "exam_id": 9,
        "name": "Examen 9",
        "questions": [
            407,
            151,
            442,
            422,
            251,
            150,
            58,
            61,
            200,
            108,
            435,
            122,
            9,
            124,
            47,
            74,
            138,
            437,
            161,
            83,
            73,
            237,
            323,
            282,
            295,
            308,
            336,
            147,
            298,
            131,
            415,
            142,
            127,
            398,
            148,
            268,
            19,
            264,
            59,
            234
        ]
    },
    {
        "exam_id": 10,
        "name": "Examen 10",
        "questions": [
            154,
            57,
            434,
            156,
            205,
            53,
            25,
            152,
            446,
            139,
            177,
            62,
            24,
            232,
            129,
            212,
            16,
            223,
            40,
            2,
            71,
            356,
            86,
            281,
            291,
            26,
            219,
            294,
            313,
            404,
            280,
            423,
            190,
            428,
            250,
            258,
            352,
            368,
            246,
            340
        ]
    },
    {
        "exam_id": 11,
        "name": "Examen 11",
        "questions": [
            91,
            448,
            413,
            220,
            68,
            201,
            30,
            196,
            317,
            271,
            229,
            432,
            191,
            184,
            82,
            1,
            183,
            186,
            443,
            6,
            166,
            312,
            358,
            286,
            247,
            305,
            164,
            329,
            293,
            89,
            145,
            267,
            424,
            403,
            376,
            343,
            365,
            270,
            76,
            254
        ]
    }
]